level0: 0.841666666667 (101/120)
level2: 0.933333333333 (112/120)

level0: 0.725 (174/240)
level2: 0.841666666667 (202/240)

